g = 9.806666 - 0.000003 * h
po = 1.21092 - 0.000105 * h
p = 98833.684451 - 9.962727 * h + 0.000272 * h ^ 2
T = 291.673571 - 0.009307 * h